3.353191244025688889e+01
3.350405370176807196e+01
3.345768236886516434e+01
3.339303284940289274e+01
3.331033842602749218e+01
3.320983132227014067e+01
3.309174279865913348e+01
3.295630327517417868e+01
3.280374248058535613e+01
3.263428962912953324e+01
3.244817362542801931e+01
3.224562329901328184e+01
3.202686767032357551e+01
3.179213625054969938e+01
3.154165937829439414e+01
3.127566859664255716e+01
3.099439707496092566e+01
3.069808008055843729e+01
3.038695550627720010e+01
3.006126446116167372e+01
2.972125193260949771e+01
2.936716752987421941e+01
2.899926632050997455e+01
2.861780977337584986e+01
2.822306682421526247e+01
2.781531508266814612e+01
2.739484220295619821e+01
2.696194744451381453e+01
2.651694345365824290e+01
2.606015830316361459e+01
2.559193783353051543e+01
2.511264834806119239e+01
2.462267972385648207e+01
2.412244901288684318e+01
2.361240462177145716e+01
2.309303117629997359e+01
2.256505802097720448e+01
2.202962861856044796e+01
2.148818398030884325e+01
2.094218233762902415e+01
2.039280410289222090e+01
1.984088573581935577e+01
1.928696640893179293e+01
1.873133518847993884e+01
1.817407703725501733e+01
1.761511347317189902e+01
1.705421712017383129e+01
1.649107520472477972e+01
1.592536187939133541e+01
1.535675248164831963e+01
1.478493605200859839e+01
1.420962644396019314e+01
1.363057231580567219e+01
1.304756021728466386e+01
1.246043420648153699e+01
1.186912629074009118e+01
1.127367744874313438e+01
1.067425930012388591e+01
1.007120211748303795e+01
9.465032676817278556e+00
8.857242881388071254e+00
8.251080131294800779e+00
7.651247410810942284e+00
7.062819224691906150e+00
6.490547821716747379e+00
5.939149379105342241e+00
