3.354101966249684352e+01
3.353191244025688889e+01
3.350405066887523020e+01
3.345767010663190177e+01
3.339300534009881716e+01
3.331028982437600661e+01
3.320975595155152149e+01
3.309163514646311910e+01
3.295615798931392249e+01
3.280355436514905421e+01
3.263405364064748682e+01
3.244788486913439840e+01
3.224527702518390981e+01
3.202645927067204212e+01
3.179166125466582216e+01
3.154111345011040513e+01
3.127504753091459477e+01
3.099369679375378794e+01
3.069729662972526185e+01
3.038608505192644671e+01
3.006030328610716751e+01
2.972019643280259871e+01
2.936601421082058039e+01
2.899801179367844739e+01
2.861645075261336046e+01
2.822160012218855485e+01
2.781373760736328649e+01
2.739315095427875235e+01
2.696013951104822937e+01
2.651501600966419758e+01
2.605810860591314082e+01
2.558976322112124890e+01
2.511034623788311038e+01
2.462024761194224354e+01
2.411988447444486283e+01
2.360970531328824862e+01
2.309019483971323083e+01
2.256204913325078820e+01
2.202637845412615292e+01
2.148461335383602844e+01
2.093820306353331517e+01
2.038833590369825544e+01
1.983585952392945373e+01
1.928132737343156933e+01
1.872504570825072889e+01
1.816711947032105812e+01
1.760749580018034166e+01
1.704599615001846402e+01
1.648235003405802246e+01
1.591625105819282382e+01
1.534739659018639024e+01
1.477550081839816443e+01
1.420030467351004866e+01
1.362158160269815887e+01
1.303916156868381115e+01
1.245296001465779412e+01
1.186299715769351337e+01
1.126941996401287760e+01
1.067252897815965440e+01
1.007281292133996509e+01
9.471373959642237494e+00
8.870900027747984140e+00
8.276033382116530390e+00
7.691999330632564025e+00
7.123515605135160023e+00
6.575012365743581277e+00
